24 4096

-1
592
1635
1598
3105
-1
612
-1
-1
1655
2857
926
549
-1
3550
-1
3266
677
-1
-1
3857
3799
-1
560
3574
-1
1327
1529
-1
2968
-1
1309
-1
894
2384
801
-1
3756
3309
2969
-1
3681
2346
-1
-1
-1
4049
-1
-1
1906
464
95
-1
649
2866
-1
-1
1822
1865
-1
219
-1
-1
730
1383
1584
2677
208
849
873
1415
-1
3210
3425
2784
3532
-1
1161
-1
791
2050
2381
-1
1115
114
-1
4059
3447
44
244
367
-1
3728
-1
2451
3652
3076
141
3478
862
935
-1
616
1922
3114
85
1364
2948
1875
-1
2121
-1
3783
-1
-1
-1
2789
-1
2573
-1
357
1796
-1
-1
-1
-1
2145
928
3349
3395
3453
-1
2361
-1
3819
1556
4010
3249
3433
-1
390
1525
1518
1312
1616
-1
2190
-1
-1
-1
3911
3033
234
2293
3789
1127
-1
1329
-1
-1
1934
-1
-1
816
2415
2501
209
-1
3645
1279
738
3675
3815
2414
-1
1363
-1
2507
371
1372
-1
559
4080
3786
368
-1
207
-1
-1
3616
2646
2375
1559
3960
3364
-1
3407
1511
-1
687
3539
2978
2925
3741
-1
678
3012
527
-1
-1
-1
3782
3745
1696
655
-1
3019
2308
-1
-1
1629
3646
-1
-1
-1
33
3925
3278
3943
2174
-1
593
3103
3578
1936
2884
-1
-1
591
1992
2953
1288
-1
-1
2016
3303
1830
-1
1705
-1
578
-1
1484
449
1811
-1
858
3502
495
-1
-1
1538
2163
3398
1711
3988
2674
2708
2347
1369
3987
735
-1
1032
-1
3092
-1
1159
2900
2830
-1
2997
-1
3721
1496
884
-1
3680
-1
2602
3653
99
3337
-1
1657
2630
-1
2627
-1
-1
1430
3245
1545
2755
-1
88
635
2519
1408
-1
1086
-1
806
3619
2362
3271
3113
3322
815
-1
1737
-1
998
3359
812
4019
474
-1
-1
-1
-1
558
-1
2606
-1
-1
3627
2017
3014
3732
1416
3822
3707
1976
-1
3875
4077
3081
3465
-1
58
3845
3773
2138
2815
-1
3790
-1
-1
-1
1494
2992
-1
-1
-1
910
253
-1
2048
622
1003
766
-1
1573
-1
3691
2768
1092
-1
2875
3111
338
2740
-1
1634
2263
1243
-1
1219
-1
1586
-1
-1
-1
2027
2853
1959
-1
2239
2313
528
3679
2632
3702
1492
2225
547
-1
-1
-1
3147
3022
3293
3665
1053
3270
-1
473
-1
-1
-1
2762
3878
-1
3160
855
2435
1820
-1
1409
3139
1197
2122
-1
1784
-1
3929
-1
1982
1703
-1
615
1729
-1
-1
163
1293
78
-1
-1
-1
-1
2339
2554
2081
618
1148
-1
451
2673
3464
-1
17
3126
3703
804
82
1287
3617
-1
-1
-1
2155
2523
1879
1760
829
-1
3917
2497
-1
1311
1770
2085
1489
3183
-1
1074
1869
2334
-1
-1
1453
1931
3390
-1
169
-1
2202
2374
1392
270
-1
216
613
3885
3137
-1
3389
1515
2929
-1
1147
1908
-1
-1
861
-1
3655
2837
3594
-1
2005
32
-1
-1
3038
347
-1
1350
3715
-1
1458
1232
-1
-1
2616
3722
-1
1299
1139
-1
-1
2931
3535
1103
-1
-1
-1
3576
3253
-1
3376
-1
1001
2680
3149
-1
793
3480
233
679
2907
3400
918
-1
-1
-1
-1
2389
-1
2059
3940
890
351
763
707
3554
-1
-1
-1
781
4013
-1
-1
290
3573
1808
2162
-1
-1
3412
-1
1895
-1
2188
-1
-1
-1
1505
1891
878
3565
-1
3546
4037
-1
-1
3071
24
-1
-1
3133
-1
564
896
518
325
2722
3946
251
-1
221
1508
1108
1436
-1
3612
1659
1291
2104
3285
420
3496
619
4075
3009
2998
-1
277
1625
-1
2951
3557
3345
2387
80
-1
-1
788
1401
1420
-1
1953
1380
-1
-1
2845
2592
2264
2382
-1
2489
975
3890
817
2480
-1
-1
2134
1078
2073
-1
1570
-1
2271
3235
1048
2743
4065
-1
2700
991
3710
927
-1
-1
600
-1
2403
313
605
3045
4090
-1
242
2605
740
1960
-1
-1
1423
-1
521
2323
-1
-1
-1
3025
2781
1084
955
2574
802
-1
-1
307
-1
201
-1
342
195
1920
2467
3771
-1
3187
3787
3509
1746
86
-1
3868
-1
428
1915
2398
4072
3719
-1
1535
2457
171
430
178
-1
1136
762
3843
-1
4014
-1
823
-1
-1
577
-1
-1
3132
2097
512
3923
1706
279
943
822
1469
924
-1
1478
937
340
2645
1777
-1
263
435
2565
626
3945
710
2402
1013
-1
931
2879
-1
1241
3636
1929
-1
444
-1
225
1385
-1
-1
268
515
-1
1890
-1
154
-1
3861
288
-1
2788
2603
3608
4095
-1
-1
1697
1462
1762
-1
-1
-1
2183
3468
-1
-1
2537
283
2423
35
-1
4031
3050
-1
2663
3365
1255
3791
-1
868
3698
3082
3904
-1
2476
2532
-1
3749
3473
2783
3040
-1
3841
880
-1
3712
1042
1427
3568
-1
3134
-1
1082
-1
2007
-1
3250
1283
2091
2303
-1
-1
690
2748
-1
2782
986
3927
956
-1
2544
992
-1
1933
1717
827
6
3036
-1
-1
-1
1382
4068
-1
-1
-1
562
3772
1524
2858
-1
1685
828
3452
524
1997
1083
2324
456
3832
-1
3601
2850
3563
165
-1
761
-1
-1
-1
-1
3667
1091
1727
582
2209
1041
3944
2046
497
2526
-1
798
4046
-1
1029
-1
-1
-1
-1
2230
1330
-1
2400
1101
2518
1326
-1
2499
1356
700
3934
-1
2412
-1
3015
2624
3370
1373
2395
-1
3642
2571
2996
2022
842
3120
3755
2514
2938
3350
-1
3283
-1
-1
2456
2827
1632
2561
2578
-1
-1
-1
-1
2158
795
3831
-1
224
4062
-1
784
2637
2905
2207
-1
912
2975
-1
2779
-1
1700
-1
297
2941
1662
50
4069
3863
3316
1588
-1
1802
-1
38
3141
2888
-1
-1
-1
2847
49
-1
2601
-1
3537
2777
3317
-1
2064
2304
656
-1
-1
2075
1839
-1
-1
2397
-1
3812
1230
2066
2392
966
1752
-1
-1
486
810
-1
723
3490
478
-1
863
1647
-1
-1
1195
-1
3993
632
170
-1
-1
2327
-1
1615
-1
1883
696
2886
1907
-1
-1
-1
37
2715
3816
3981
-1
2687
1253
1672
-1
1169
-1
2564
2369
-1
737
343
-1
-1
103
3186
1040
-1
1060
2902
906
2468
1626
1404
-1
2219
3734
2747
2032
3914
-1
3192
65
349
1063
4033
796
2797
1618
3597
-1
-1
2252
-1
-1
1712
152
-1
-1
226
-1
-1
3985
463
-1
-1
467
2733
100
-1
2171
348
2062
2357
-1
2187
-1
1256
3148
-1
3382
2520
2560
2575
-1
1247
3739
1923
3338
1596
-1
3472
662
4071
2818
-1
3417
2454
631
2965
3371
76
3394
837
1681
191
-1
-1
1821
770
2912
1855
-1
1670
1221
2366
3700
1513
2650
2950
3145
-1
303
2446
386
3531
571
-1
-1
2535
2705
1930
2611
3862
250
3559
1126
2664
-1
1876
-1
779
-1
-1
96
-1
-1
-1
-1
2587
1795
-1
1661
2286
-1
-1
278
-1
-1
1748
2870
-1
1989
-1
570
-1
2572
-1
2691
3340
1594
3683
3989
902
-1
1342
1885
-1
2273
3534
-1
3275
-1
-1
-1
2192
-1
3586
-1
-1
-1
1810
-1
3505
-1
1052
-1
374
-1
-1
-1
1660
864
-1
725
-1
1990
-1
-1
2989
-1
2739
-1
1183
1576
-1
2426
-1
3611
1649
1093
3498
-1
-1
-1
3785
-1
1226
2466
3255
332
-1
2877
1339
-1
606
-1
1872
-1
-1
2903
2340
-1
409
2222
1999
1947
-1
1276
1320
3558
294
118
908
1605
3441
2429
-1
-1
-1
1520
3369
1901
-1
630
-1
3239
1175
2915
-1
503
3581
1744
-1
4008
2441
432
1397
689
3308
-1
2309
674
3341
3416
-1
2590
460
757
660
2979
1504
-1
238
2832
369
-1
2774
3740
-1
-1
-1
232
-1
2385
-1
-1
-1
-1
-1
-1
993
2388
2898
-1
-1
-1
971
-1
1305
1521
70
1948
2901
3618
-1
1121
-1
-1
-1
2773
1502
747
596
2804
-1
1840
1480
2111
2483
-1
3123
1723
4005
492
-1
3969
2642
2496
-1
1514
-1
-1
2302
375
3410
2221
1918
2756
874
-1
-1
3747
3919
1445
1358
3161
968
572
533
3207
-1
2500
-1
2529
3522
1691
2588
-1
3995
1563
-1
1781
1995
3648
1212
-1
-1
292
-1
-1
647
1429
-1
1261
4058
-1
3204
2949
1184
2283
3073
105
-1
190
-1
2636
1961
1498
3589
3972
1434
-1
1979
-1
3600
4093
2181
3572
481
2023
2367
-1
1119
-1
79
-1
-1
2713
239
-1
3524
3083
2276
1394
1928
4039
959
2358
1439
-1
-1
1854
-1
2177
-1
3701
-1
1005
2301
869
309
-1
3191
2288
3094
3429
990
1575
2684
-1
-1
3720
-1
-1
1769
2825
841
1028
-1
1845
2247
-1
3426
-1
-1
255
1867
1007
2212
-1
-1
-1
2647
-1
705
-1
930
-1
2433
1788
1909
526
-1
-1
1056
1328
2493
2232
-1
1984
550
1167
2803
3125
967
2876
3259
-1
3628
-1
-1
-1
2855
-1
2093
972
-1
-1
673
1483
3763
2052
320
-1
1799
422
1196
-1
2056
1599
1321
-1
-1
-1
-1
2242
4070
3849
-1
3346
3375
1062
-1
-1
2191
-1
4012
1050
-1
-1
1466
1972
-1
3277
2880
4023
4045
3325
3377
1495
498
2
280
4040
-1
697
2289
-1
4022
-1
3545
3690
2525
-1
2786
-1
2623
3533
1225
708
284
-1
3324
1776
1791
1786
-1
358
-1
-1
3672
1188
2958
2475
3726
-1
3751
304
248
-1
-1
-1
778
3500
-1
2620
2622
-1
2305
856
1853
2811
1482
2123
-1
1506
-1
466
-1
172
2933
-1
3828
3002
-1
-1
-1
2139
3029
2353
2364
688
3462
-1
-1
3666
-1
3053
-1
418
1731
907
-1
-1
2373
211
448
204
1204
2233
2229
-1
695
138
-1
2556
-1
-1
1348
2330
2205
1858
3593
3449
-1
-1
2720
1963
365
-1
-1
500
-1
8
1454
84
3313
330
-1
3921
3097
-1
4000
3387
-1
789
107
2952
1600
-1
634
166
-1
-1
3154
947
965
-1
2165
-1
1602
1285
3956
-1
2105
2814
1926
2083
-1
2078
3957
-1
3005
-1
3388
2196
-1
3644
3651
2246
236
-1
1034
1080
1977
3262
-1
-1
-1
1834
-1
2727
3823
3332
-1
3759
881
2152
-1
1701
3724
4004
-1
-1
-1
2836
3028
1844
686
-1
2973
2570
1978
-1
846
-1
3585
2504
-1
443
2798
3571
494
1719
1624
530
3569
3423
1767
1542
2460
721
3975
-1
-1
1461
3503
-1
1010
-1
2942
759
213
1679
2173
3935
1202
1137
-1
2372
1919
2854
324
1143
1651
3693
2419
1354
2197
-1
-1
2629
1768
-1
895
-1
1174
433
-1
-1
1422
2345
-1
-1
1667
3830
1435
2206
2509
-1
681
-1
3583
2694
900
540
2928
1378
-1
-1
2160
2461
3454
3291
3397
-1
1043
23
-1
3818
67
716
-1
-1
1733
1277
1163
-1
3548
259
-1
3026
-1
-1
-1
-1
2117
3986
2932
-1
-1
2438
3219
-1
1894
3016
732
3805
-1
3743
2086
1531
-1
362
3727
1337
2731
-1
3190
2436
1414
2448
1683
2760
1094
-1
-1
3106
-1
962
2057
1457
-1
-1
638
2024
-1
-1
585
222
3892
-1
1357
-1
3837
2521
-1
3660
1249
-1
1815
1736
831
2550
2109
3188
3780
454
3006
1193
1860
-1
-1
3800
3368
-1
3999
3949
3063
-1
898
2894
-1
305
3110
111
3355
-1
1368
302
2407
-1
2235
3233
3246
-1
3216
2659
-1
3413
2543
-1
2316
-1
2688
3043
2153
3744
-1
659
4082
-1
3694
-1
1077
1274
-1
-1
-1
146
-1
852
3065
3212
650
-1
1774
30
-1
-1
1546
1852
-1
-1
3626
1464
469
1792
-1
1695
-1
-1
573
1162
46
-1
1031
933
-1
-1
3847
3736
3953
3941
2568
-1
2963
994
1009
1222
-1
1654
1044
-1
-1
2037
-1
785
1669
-1
1722
1604
181
187
-1
-1
2921
1620
-1
2417
-1
1714
4020
3882
3059
3228
2702
-1
241
3894
3848
-1
52
1735
-1
-1
516
977
1527
4088
-1
26
312
2679
1208
877
-1
-1
-1
1642
-1
-1
2668
3620
-1
1036
3424
3983
3479
3731
1295
1206
-1
-1
4017
760
2094
2927
860
71
-1
4
-1
936
2440
3456
-1
2176
2944
-1
3542
-1
254
-1
2795
-1
1848
3363
569
-1
1566
981
718
16
1675
-1
2228
-1
901
333
-1
-1
-1
-1
2114
911
641
-1
2172
1558
2291
3685
-1
2413
-1
230
-1
509
756
2761
2234
-1
-1
2275
2036
-1
3393
1107
2156
2260
1220
2939
-1
1743
3067
3260
3463
2569
132
3172
-1
3034
-1
-1
2843
-1
-1
337
-1
1150
561
-1
3430
3263
2689
-1
-1
-1
3860
434
-1
3639
1652
1927
1030
-1
2290
3450
3930
601
98
3320
2258
-1
985
2006
2391
-1
3614
-1
3088
651
2910
3632
470
406
920
1754
3625
3529
3870
3049
352
3475
1904
1098
3811
728
-1
1360
2365
-1
3224
-1
1087
1968
3781
2363
-1
161
1399
-1
-1
496
-1
2029
2545
-1
3240
1753
-1
2411
3074
2817
1856
90
176
2074
-1
-1
-1
1477
513
-1
-1
281
-1
-1
2922
3386
-1
3144
1656
3758
1935
-1
-1
1668
624
639
1238
3580
-1
3069
-1
-1
-1
-1
3851
-1
2453
-1
-1
-1
3555
-1
835
3418
2096
-1
843
2918
-1
-1
3582
-1
-1
-1
-1
316
2079
397
775
1806
3
1170
1298
2338
-1
2615
3403
-1
-1
1267
-1
1861
-1
929
1720
87
2131
-1
2038
1601
2088
-1
539
1146
314
-1
3319
1554
-1
2485
1180
-1
693
1663
1437
1120
1609
3962
-1
3444
3354
2125
-1
675
3252
3095
1002
-1
1942
1051
2753
-1
1857
29
2178
1970
-1
-1
-1
2488
-1
3547
537
4048
1102
1533
391
-1
1113
442
2342
1771
-1
-1
2672
1290
917
461
-1
1433
1761
51
2077
411
2746
-1
261
-1
1289
1224
1296
2502
1794
3668
89
102
-1
2865
-1
-1
2292
2709
-1
2150
3011
1522
3419
2736
-1
1971
610
3836
2955
2793
1463
-1
-1
704
-1
3037
3659
-1
282
174
1187
-1
-1
1391
1866
2135
-1
1868
3525
2940
-1
-1
3971
4028
-1
3180
1172
-1
-1
1954
607
-1
742
3179
2735
797
-1
-1
3979
2820
-1
427
2070
2576
3405
2726
-1
-1
3122
19
2821
-1
-1
2538
3373
41
768
1210
-1
1789
1692
-1
3273
2487
-1
3274
-1
2333
-1
-1
-1
625
-1
3333
-1
-1
722
-1
557
-1
706
-1
-1
2282
-1
-1
854
2995
3152
-1
617
-1
-1
-1
60
2011
-1
2873
-1
685
2656
-1
1019
3264
2618
3487
-1
1135
-1
-1
-1
3737
-1
3673
1046
131
-1
870
3115
1045
1568
-1
-1
64
3562
2842
2279
1819
1072
2654
-1
2805
-1
1039
2961
2200
1323
3128
3778
350
-1
-1
-1
3488
1058
-1
903
2911
2734
2434
-1
425
392
2670
327
-1
3129
563
1151
-1
1413
598
1061
2970
-1
182
2589
620
2653
306
-1
1099
-1
-1
1541
3939
1650
1555
1608
-1
4074
1945
-1
3566
3874
-1
2515
21
-1
3307
2681
1812
1181
2552
-1
2984
-1
1826
3311
2685
-1
-1
3544
531
4030
2399
1552
3928
1199
322
-1
535
-1
54
2897
1343
2133
-1
2213
4086
2072
11
1900
-1
3372
2470
1334
2026
3705
-1
-1
345
3339
-1
3287
-1
2935
3543
-1
2892
3136
1702
2522
-1
-1
1304
953
2930
-1
2376
2511
588
1823
3808
-1
-1
-1
3658
584
2238
2887
136
2816
-1
2669
-1
1994
-1
1827
-1
3570
1233
-1
2126
3932
-1
3982
3512
3713
-1
3598
1986
667
597
672
2107
31
257
-1
3765
-1
1014
3280
1756
-1
532
-1
2896
2390
-1
3996
2868
-1
1318
3004
-1
-1
-1
2146
1263
-1
2356
3046
0
1047
-1
787
2054
110
-1
-1
175
-1
-1
1068
3933
-1
-1
3746
-1
2721
-1
3871
-1
3775
-1
3257
3096
-1
1456
1630
3075
2608
-1
173
2505
3695
-1
701
150
-1
865
4055
3877
2215
2604
-1
-1
857
1917
-1
-1
699
265
580
-1
1544
2265
-1
4032
3905
218
-1
754
-1
-1
3284
3840
-1
712
-1
2609
2250
-1
-1
2166
2696
996
3358
-1
919
2180
2331
3209
-1
544
92
945
3448
-1
2161
2028
-1
404
-1
-1
3064
663
-1
1724
-1
-1
3381
228
-1
2136
-1
1446
1614
81
-1
499
2065
476
3486
287
2359
-1
2127
-1
1560
2512
-1
2406
-1
2701
683
1442
3146
988
2807
-1
-1
3361
-1
-1
2307
2277
3457
1008
3887
1621
-1
1884
-1
-1
1235
-1
2697
1306
1553
-1
-1
3992
-1
2137
3684
1379
3380
3530
3268
1239
-1
419
2766
-1
-1
2477
-1
3803
-1
-1
-1
2199
272
-1
27
2831
3906
-1
-1
-1
-1
-1
3564
3777
3671
3699
3169
-1
684
1797
3118
-1
1073
1941
-1
1367
1975
5
3343
-1
3622
-1
3366
-1
4094
3801
-1
-1
-1
202
2671
-1
506
229
3872
-1
3140
777
3124
1503
-1
-1
2049
1231
1648
-1
-1
3189
1509
794
1268
-1
745
-1
-1
1641
2716
1158
743
-1
1071
3027
-1
-1
3196
2393
2201
-1
1006
4025
3754
-1
980
-1
3793
2270
1526
3042
1798
-1
2993
336
1417
-1
853
2791
1886
2667
3485
-1
2157
-1
3711
4001
611
1130
2355
2772
1824
-1
-1
-1
2923
579
-1
-1
-1
1325
-1
1658
489
361
1054
1118
1888
-1
2214
490
4087
-1
3327
378
-1
-1
2835
-1
3504
3839
1035
727
410
223
-1
-1
-1
-1
2655
629
-1
-1
1341
1863
3795
1405
2639
1431
-1
-1
125
155
3218
1194
3674
468
1595
-1
545
2262
568
-1
876
3166
703
1425
2546
3798
13
2360
2763
-1
3813
-1
769
3089
-1
-1
2343
892
2377
-1
813
-1
-1
-1
1809
-1
3362
646
913
4015
3431
412
3602
-1
487
2462
2790
2579
-1
395
344
2690
458
4054
-1
799
-1
2297
2794
3527
1
2613
2617
-1
-1
-1
-1
3842
-1
1622
1352
2055
-1
1569
2245
3579
2248
3056
-1
3230
-1
2904
-1
-1
120
-1
-1
1889
-1
-1
-1
2437
273
2019
-1
-1
1892
2035
15
-1
2394
1481
1292
3654
2098
2045
1728
897
2084
1487
-1
-1
621
2004
2635
3298
-1
1565
2594
1528
2890
-1
301
1778
-1
534
694
-1
-1
1921
2060
3177
661
1346
3483
-1
1633
2068
2730
702
2889
1673
-1
3910
3766
958
2240
3936
-1
-1
1164
1949
1198
2945
-1
-1
-1
1973
-1
1623
-1
1557
3606
1023
1983
2864
-1
-1
3633
113
387
346
-1
3112
736
-1
1734
-1
3229
-1
3510
-1
22
4063
-1
-1
867
-1
-1
-1
1316
1519
3445
-1
2539
-1
3978
3185
-1
-1
197
776
1214
1070
-1
3499
1088
3897
-1
1411
2549
3965
942
565
979
3541
1319
3942
-1
-1
1134
-1
1646
1486
4060
2015
3060
-1
-1
-1
2099
1332
3470
-1
-1
168
-1
2787
1387
-1
-1
214
1157
179
1607
-1
2318
671
1020
-1
-1
-1
3138
-1
20
2660
382
-1
-1
1539
1956
2001
-1
1878
1286
1750
-1
3334
3348
3621
-1
3330
-1
-1
-1
3234
267
2179
-1
2268
-1
3182
3669
3820
-1
-1
-1
2750
820
-1
3817
2251
-1
-1
3007
1603
3994
2699
1460
652
1913
-1
1880
319
4067
2742
-1
1787
2069
2917
121
-1
3041
2881
-1
-1
-1
77
-1
94
3760
2542
296
3829
1987
4064
1471
4092
-1
2182
3226
1324
-1
1402
1067
1807
2332
2724
2991
1153
-1
-1
2909
3109
2378
-1
-1
359
-1
-1
2337
2651
3796
1090
2771
-1
543
792
1438
-1
566
1366
193
-1
1587
1400
-1
149
2648
-1
1899
2849
1800
-1
-1
321
-1
2981
-1
1709
429
-1
887
2039
1969
-1
-1
-1
-1
3100
502
2976
2891
3990
-1
3312
-1
-1
2325
3035
1264
3959
1759
-1
3070
1674
159
-1
-1
1951
1637
-1
1534
-1
-1
-1
-1
997
3020
755
2856
3384
2151
1275
1154
-1
-1
-1
948
-1
2971
1644
1862
-1
408
-1
-1
1547
2459
1011
-1
2216
1747
289
-1
-1
405
-1
2432
1579
-1
3077
3131
-1
-1
676
2034
-1
2130
2558
2335
-1
-1
-1
-1
-1
2284
-1
2707
-1
1064
1516
3973
-1
3086
711
3299
-1
1707
1228
-1
2119
3556
654
751
4053
2936
1825
666
1537
-1
709
2625
215
1252
2129
-1
1962
-1
691
982
212
734
1738
1993
3221
-1
1138
1310
-1
-1
3909
2349
1749
1693
-1
2170
2203
3238
2025
3018
-1
3968
2792
-1
3792
-1
2014
3244
3302
-1
3130
2445
-1
-1
-1
3406
3157
-1
-1
-1
3607
1057
4051
2833
2510
2729
2987
1017
2557
1465
457
1365
1732
3357
1523
3866
1085
2168
-1
-1
2112
-1
2806
3477
2255
2834
2463
1432
1075
960
3806
-1
-1
3951
-1
961
872
-1
-1
3093
1470
3899
3709
-1
3591
-1
2883
1905
-1
2278
3057
-1
-1
1258
-1
2067
1785
1207
1347
-1
3415
4061
2717
2643
2840
3058
553
851
-1
1410
-1
2959
1105
3104
974
57
1260
1114
-1
-1
1998
-1
-1
2823
-1
2110
586
2621
567
3729
3706
-1
749
2408
-1
541
-1
-1
285
-1
3482
62
859
-1
-1
-1
2704
3807
3997
-1
2626
-1
-1
2607
2919
1248
1406
-1
3241
552
3314
-1
-1
3575
3091
2087
-1
-1
1467
3437
153
-1
3980
2021
-1
832
-1
2310
-1
976
3079
-1
698
1818
1096
1428
2472
-1
2102
-1
1297
-1
2531
-1
-1
2452
-1
-1
3030
-1
2985
-1
2982
3329
-1
-1
-1
1236
-1
692
-1
-1
536
1033
1911
-1
2775
3344
893
3884
2148
3974
3328
-1
952
417
2371
-1
1988
-1
3846
210
-1
1739
2980
2103
1037
889
1133
-1
2528
61
-1
2844
493
-1
2469
1038
2819
-1
-1
3519
122
2294
445
-1
1362
-1
1370
3821
3378
1835
4079
1914
2306
295
-1
-1
2943
-1
507
3315
-1
1117
1344
2314
-1
3893
-1
840
2253
921
1580
-1
-1
-1
-1
2031
1259
3657
401
2595
1574
-1
-1
-1
3193
3181
-1
-1
-1
604
3888
-1
2906
1666
-1
2723
1628
-1
2913
2058
-1
3301
1611
-1
1690
3687
-1
-1
2379
3661
1338
3300
-1
3902
-1
3434
520
3518
373
1898
3001
3604
1572
-1
-1
2351
2076
2295
3891
2916
-1
583
-1
-1
334
-1
-1
2185
2799
2533
2341
1447
648
1684
-1
2211
-1
542
66
-1
2344
3560
3047
1472
-1
-1
2281
2524
-1
3844
-1
-1
2614
1393
-1
-1
2553
3090
-1
-1
1967
-1
2269
424
1424
3476
69
914
2956
3200
824
3767
1441
186
1205
1269
1218
-1
3061
-1
-1
1257
1353
3880
3714
2666
-1
199
59
1730
1386
1242
-1
1215
-1
-1
1331
1015
-1
2600
240
-1
1694
2425
1488
3143
-1
472
1213
1832
2256
-1
3269
145
2770
821
383
3595
3718
644
3590
882
904
-1
43
522
-1
519
2095
1726
1562
-1
682
836
4041
2767
-1
3952
-1
3150
-1
-1
-1
668
-1
4078
55
3770
3540
-1
-1
2141
271
3048
