24 4096

784
1020
522
2092
139
3475
2663
1268
728
2994
3486
2690
2491
3103
1925
1784
2488
2901
723
2261
3262
3686
1956
1747
1962
241
466
2059
2835
2979
1460
1910
1786
368
1442
1838
1836
3508
2677
2860
617
900
4068
2155
2466
309
3124
3407
2044
983
3452
1131
79
376
124
141
2140
150
2134
3310
1538
2257
4023
2999
616
3315
2114
869
635
3886
641
3382
1972
775
3241
3050
2697
2510
2657
2397
1450
801
152
3801
285
2096
794
1976
2734
2786
991
3226
232
3219
1827
3447
2292
1630
593
2357
2477
3929
3078
3520
70
2568
3984
1066
2066
3493
2881
2853
969
2662
1328
2339
2833
2524
394
1834
1121
3482
2862
3514
1541
2551
657
464
3526
1053
2419
168
3821
1195
2955
3367
996
413
1495
917
2996
2022
2629
2159
2777
3693
3438
2909
3553
14
1250
1324
2705
202
3605
1247
3532
2440
204
1845
2242
3057
505
3235
1266
1579
3426
2359
1398
3977
353
3558
306
1194
2630
838
1952
2824
3388
2219
3655
3608
2234
2476
2692
834
3094
3258
1679
15
300
87
1875
3266
3021
2688
1900
1781
2828
3650
1568
760
2531
2250
381
2823
3041
2285
2770
2821
401
3901
3712
1933
3857
94
2621
2013
500
3441
2586
3384
753
2118
392
1710
1761
1169
453
787
858
870
782
2685
2646
2222
17
2399
3331
709
2245
314
2218
78
1031
1829
2136
3966
4056
3945
1171
200
322
2232
367
530
896
789
1157
2831
2424
3195
2315
1546
1663
1897
1782
1103
2161
3853
30
1750
120
2587
3098
1575
2003
2962
1191
3044
1692
1564
2798
3031
1067
818
3922
3627
1205
3832
1182
3523
4086
3742
1044
1327
2396
354
1036
284
1240
3867
3614
1302
998
3563
589
2838
1890
1435
2492
2002
3703
1672
1304
1422
147
1497
2278
3970
3026
3250
1079
561
75
1518
2894
135
2174
2460
4052
1257
1920
3987
679
3923
842
1089
3361
2856
1367
3643
3173
2301
2031
3234
2420
3910
957
2567
3398
1175
3578
2347
2988
3180
2905
1298
1078
473
758
1534
336
2610
1080
1529
458
1040
1582
3881
1964
1562
1143
2615
2060
2895
3568
1214
3283
2493
270
2948
2082
167
3875
1975
2033
1216
1110
2173
2592
3247
369
3753
1930
2256
856
2733
408
488
2635
3609
3264
1877
1753
1261
3585
3265
1087
2193
3109
1926
2371
1000
54
3784
34
2209
3090
171
3348
3817
1097
583
2130
1271
101
1135
111
3002
2935
281
999
3672
2293
2490
242
1039
3161
1419
609
3267
928
1245
2954
737
2304
1026
3
3873
700
2920
497
2415
3646
3340
255
3986
61
2489
7
643
1615
975
1780
3259
2
3148
68
862
3166
529
2863
2760
2108
3826
1153
2169
1739
3046
165
3955
2543
3894
1280
823
2880
2263
2603
4031
3956
185
2973
493
2642
3352
4026
2051
2737
1854
121
2638
1490
1793
2800
2584
3530
559
1946
943
1396
1449
1469
2495
1625
3995
1551
3729
3835
1361
3428
1872
1085
3831
3059
1382
3919
1790
2666
575
3061
2053
160
2358
2964
3932
3478
3559
3702
1312
3086
3096
1960
335
3538
110
1310
3437
2151
3167
693
636
2040
611
2034
816
3470
2682
2744
1846
3496
252
1244
1662
363
2474
3548
2229
2758
2251
1735
3625
1409
1626
2429
1593
1612
2923
3477
3051
2243
3378
490
487
2647
2843
3938
513
2879
2145
2258
1255
3757
2792
2634
2146
510
3588
4078
1225
2361
3587
779
1531
1017
588
253
486
1041
720
516
1847
3261
1001
3082
1830
1037
1749
1105
1606
3842
3391
1885
1986
3825
1678
1967
1576
1828
3722
244
566
128
2580
1951
620
4060
1871
198
3308
3897
4079
4048
1043
1311
1317
47
1070
2244
477
3039
2714
2575
1691
2104
4002
2398
1314
813
1139
271
994
988
1003
2808
1729
2427
2129
156
1356
3179
1848
3079
225
3056
2185
1229
1616
2526
1554
1286
2512
1997
3541
3700
2276
2670
3764
2698
1916
3751
2332
3089
1730
2544
1641
1019
187
3855
3711
3743
1602
42
3889
3389
1653
246
2958
3216
786
4030
3856
1622
1505
393
3965
91
2268
2637
703
2541
2913
262
3230
1667
1959
3252
383
646
53
1428
2890
2519
3487
2317
981
3208
2937
3599
221
531
264
3768
1537
3707
412
3353
3278
3985
2806
3156
1270
551
3185
3203
1454
537
1333
2735
22
3681
2719
923
3386
308
1745
3525
2484
3228
372
1265
2412
2817
3137
2319
2318
3569
4010
648
1493
423
777
3859
64
1465
1114
3107
2751
2405
1047
793
3492
877
1590
2448
2908
3497
790
231
447
2500
1385
3187
4082
3218
2054
442
1768
289
1463
1394
1506
50
1360
3529
71
890
1313
3018
2799
2934
348
2878
2383
540
3510
2032
557
395
3172
2679
1995
229
3237
1383
3254
463
3169
1853
3356
1665
2275
2377
3381
2061
387
475
2915
1218
1208
205
1883
539
3542
1973
3770
2976
3145
1412
3990
2189
667
3687
1432
863
938
1519
3292
3746
77
2011
3737
2563
3663
2375
2127
59
1720
2521
3111
1128
810
1133
123
2990
2094
2111
2963
1414
3194
690
1273
755
3756
1187
1347
812
3490
2660
1455
2700
375
1222
1806
509
3206
2027
1643
329
3908
1480
4006
217
2221
743
2196
2715
1179
3330
2554
3217
3344
1601
2381
2131
3126
330
3268
506
1181
1715
1215
3791
1118
2246
1732
428
460
3524
1021
1992
2852
1610
3122
3717
2921
1408
1754
1596
3239
851
1903
58
562
3810
2416
512
1955
417
3343
2933
4047
2355
4046
2392
1329
3038
1163
2683
2689
3175
3692
2401
326
1006
1902
2407
3613
1051
1407
3370
2451
3769
157
811
1792
1246
1870
3421
38
615
112
2468
3009
2931
1527
1572
2395
1152
579
1607
828
1738
2925
1296
2369
924
802
3950
429
572
603
1295
1965
1072
1709
2237
3318
3677
248
3049
4004
1138
3416
2556
602
638
2741
1106
4064
479
3341
196
2566
403
1751
628
2497
2019
1818
840
3882
339
405
2030
386
3171
1452
1605
1819
759
1998
954
3841
278
1526
311
1440
3408
764
3253
2547
3546
771
3355
2049
2548
3248
908
2927
3962
249
2553
361
1874
2696
2325
3598
3114
3342
2532
1895
1558
2322
910
2417
1122
3792
3498
3797
3896
2609
627
3858
2654
2103
1380
2346
634
2558
2101
3450
389
644
349
4018
2107
3685
1773
3282
2620
1520
1030
1488
1005
3321
3664
959
2507
887
2658
3257
3854
1355
1545
1162
2675
2851
3220
1272
2903
3201
3458
2968
3243
492
2373
146
2562
1783
2875
2157
916
1549
2449
2710
148
2936
2067
889
3215
2816
3902
517
1241
984
1487
3500
2533
1969
1111
576
2231
199
3793
448
2167
3602
2885
36
1183
3981
2431
2435
805
3354
2538
853
3531
1276
2591
3504
1370
1002
1061
2364
3863
752
398
3081
874
1509
944
295
276
3436
1865
912
1879
3306
251
3822
2496
3830
3070
1100
2198
1868
3880
3404
1499
166
1223
1668
1391
1686
1802
1717
2338
1669
2171
1009
3271
4035
577
691
2924
1762
833
3714
1415
2195
2552
341
3076
1193
2078
3365
2546
3833
2632
3684
1676
989
3928
3840
1283
3839
3231
1698
301
89
2156
2238
586
434
2506
338
1348
3130
3993
1578
3105
1658
947
2379
757
2259
2986
3198
2583
96
2469
3862
1188
119
1766
2311
1192
63
2137
1198
410
2599
3501
1700
347
1238
3399
3522
1101
2312
1232
893
2052
1081
763
74
1055
3727
952
3869
1164
610
216
1494
1882
769
2627
3101
3648
4034
2286
2518
1199
1543
3255
499
2528
1608
1197
131
2515
3303
365
327
1173
3116
1077
435
2622
666
1693
209
2149
2967
476
2651
2313
3227
4008
880
1098
174
29
826
360
2834
549
1569
3789
1337
2303
446
3184
3749
3304
3042
224
626
1189
1478
1927
2240
1477
3305
3710
461
84
2600
4020
573
734
1675
1826
1702
762
2865
1858
201
1365
950
1112
2761
4065
1787
3597
2205
4040
3940
1154
3085
1014
545
190
2117
3380
940
3246
526
4033
3747
233
2797
1869
2617
2088
2672
939
3961
491
1023
4037
2804
3926
484
2098
2133
727
1375
2977
683
1258
3721
932
2457
1652
3333
2329
1289
176
806
3870
3060
765
1769
2522
3948
650
313
3479
1381
1550
3788
454
859
965
925
2757
3695
3110
2704
3222
3964
4043
3667
2204
3804
1416
2606
3803
3456
2889
3405
716
3055
1659
437
1857
2668
2582
373
3346
1736
1410
2900
261
2910
2126
4001
259
2659
3189
902
1561
808
2886
536
2608
1211
2430
3931
911
1803
2992
2995
2321
8
2255
1115
689
2504
3914
3377
4013
1405
3989
2142
3937
3675
2939
1863
4039
2550
2273
114
3233
2010
3027
277
2877
3339
223
3589
3754
4084
1316
3682
159
81
315
1227
2960
926
1924
3580
2664
1842
3972
3392
3536
1429
1479
2972
915
2183
1308
1090
867
2545
3373
1627
2048
211
1983
1595
1402
1088
2024
4021
56
2573
1083
907
2294
3443
1470
642
521
864
2230
2956
138
3007
2421
2005
3286
3150
1886
1485
3567
291
3080
2655
3694
2907
898
1462
2520
1599
624
3383
2139
2644
2989
98
3941
3188
3868
2004
1395
1048
2314
1052
672
1908
3466
3921
4091
2473
3507
895
2957
2093
885
2282
1116
444
1472
1733
849
739
1682
4027
1336
1130
457
344
440
2839
1906
1186
3736
1867
480
465
837
3016
747
3093
1637
95
1475
3092
1011
1390
3765
3075
1977
4088
2611
722
1532
2712
1082
1705
44
234
2353
659
1822
247
1999
2613
2782
2590
3819
1796
1618
1878
33
2236
60
382
819
3157
2450
3142
3591
3925
4051
555
2570
1057
831
580
2280
1567
1349
532
3037
2944
2776
2772
1426
1911
2841
2260
756
1770
886
3316
3084
3435
2225
2132
587
3555
1013
3759
613
399
2884
2701
640
3135
685
3424
3773
2844
1604
3661
1655
2745
2330
2740
2732
3196
724
804
2896
1104
482
3489
109
1384
2106
2667
3571
600
3705
1438
3626
2021
2867
809
3660
3811
623
3455
3572
3043
2349
1548
2014
1833
126
294
1420
197
2789
1673
878
378
1671
2158
183
1767
768
1810
1404
3570
1701
3741
3168
3631
3071
2656
2883
2184
1707
3357
3809
3240
2542
2352
3527
1800
4005
1406
48
3911
3277
1944
3930
861
3112
3674
102
2443
4055
290
212
504
3300
843
1445
3376
4009
3146
3699
3909
3806
1844
3074
1500
1685
2413
2223
1447
3668
3787
535
825
1510
538
820
612
918
1614
2425
1125
1251
3952
1516
3209
3158
494
2699
220
1888
3319
93
4012
90
3469
745
1513
1939
3815
3285
668
865
1120
3521
4061
1315
2854
1779
3576
3767
1441
267
1330
333
3448
1345
2765
1635
3462
409
3128
3796
3708
2343
1565
3516
4011
3732
256
1522
2071
1805
1292
1651
2774
1724
2870
1277
2267
3620
3433
1332
3735
3358
2309
2001
621
2790
2081
2154
3276
677
1166
106
1772
676
2805
3774
3864
2953
2940
1358
1177
3957
3063
1932
1557
3512
2056
741
5
558
3132
847
1832
1639
2795
2616
3118
3200
1141
3647
2728
116
852
543
3564
2845
2951
137
2537
72
2414
283
3595
2308
3379
785
1242
3807
946
1068
2217
31
518
749
1042
1993
2434
922
3550
774
1219
16
2978
1649
4014
144
4050
3969
3683
1464
2441
3843
2959
3483
370
2378
937
3177
3100
3861
1359
2601
3279
3982
1010
1278
1935
243
2820
2917
1501
3725
2830
2310
3654
3207
622
1855
2755
1763
297
1321
574
3630
3927
3890
2803
362
770
3800
3636
170
345
1150
3706
795
1275
2650
2271
4073
433
2037
3065
3064
2597
814
450
2099
614
661
662
1377
3225
599
590
1647
3813
3307
2762
2801
3144
1033
427
118
3119
238
738
3317
3669
1563
3072
3003
1914
501
2773
2162
1117
3547
2072
1092
1515
1921
1889
1388
2943
2207
3963
1755
3328
2842
3471
882
3465
2849
3994
3730
3947
1774
2809
563
3224
2175
3463
2444
455
2516
2783
2787
1239
3596
3476
151
2947
11
122
1949
489
1581
164
1260
97
1094
2684
3545
3734
3561
1937
1812
319
467
3610
3723
618
3083
671
2186
3949
2559
1654
2614
3877
1816
4019
316
396
1228
1775
930
941
2950
761
3174
1357
1466
1371
3473
298
3372
1248
2938
18
2706
684
3899
669
835
1525
1544
86
4077
1778
2577
3776
3618
3221
1217
4028
2215
3704
2298
4069
69
2160
2380
3017
3540
3592
830
2326
554
2639
751
13
2206
3299
796
2517
663
2569
3095
2018
1129
688
929
711
1843
701
1004
1674
632
718
1797
39
358
1580
2771
2891
337
1151
3454
288
1631
3494
2128
3615
2464
26
1060
3281
567
2793
3600
419
564
3698
3334
2428
1884
379
3427
1728
1765
2077
894
1852
541
844
3275
3468
548
3406
568
1126
125
2479
3665
966
1287
3004
1938
1492
985
598
2899
3414
1609
2458
3164
0
2320
400
3728
2753
2743
192
560
1073
3983
3020
3518
318
2555
571
3740
597
3750
2724
2961
452
1294
218
317
2411
2439
3236
1086
3656
1437
2178
3274
2382
3680
3884
1632
528
1146
3467
2827
1024
3160
1148
2433
1719
1718
3430
2172
3409
4032
1988
214
3213
3192
1985
1167
1851
3913
4090
2199
1552
2254
1909
1456
3212
240
2368
2331
3159
2274
2214
2965
1299
3974
299
1035
2825
175
1542
1102
2348
4017
788
3351
4076
380
1523
2738
6
2015
3509
2463
46
660
1991
3590
1281
3621
2906
498
2686
3087
103
4072
1948
3245
3152
4044
2503
3102
3062
4041
2337
2643
3905
3030
3481
3781
3446
1586
2179
1127
717
108
3678
1230
1503
1301
1919
82
3502
149
710
1664
1373
3900
4022
1050
222
3780
2596
1764
2344
963
2982
1611
713
876
3401
272
1597
1201
1136
1841
1994
2775
1095
2932
2253
1893
3313
3808
3422
1411
307
1366
1984
1896
2284
3048
2097
324
1936
1881
776
3942
2984
1642
1587
2861
2527
3014
3190
3091
208
4042
1362
3878
371
3154
905
3349
3851
829
3131
3916
909
3006
3603
3639
3418
2942
1573
88
1640
3068
719
2069
3915
228
3904
881
3337
892
1624
594
3566
3204
1369
1012
2025
645
2703
2182
1660
976
1963
2201
3005
3980
3836
3461
1866
3047
2095
1392
2180
1346
2725
282
456
824
1690
2336
3429
1617
3845
854
1789
179
1723
2345
130
132
2455
178
3619
280
2226
1084
1507
2334
1423
696
1325
3847
3127
792
49
1309
1811
3775
3519
1170
227
4057
822
3738
1018
3690
62
3934
2781
3583
296
32
332
799
2335
581
3973
1418
357
1942
2296
3997
3067
740
92
2153
2711
206
265
1831
781
960
1226
235
1054
1046
706
468
194
1413
1378
1119
1913
3155
2826
186
1591
2571
508
2813
850
3488
525
3045
1397
2422
2731
2064
390
2085
2220
4080
3761
639
4025
3390
1326
1334
3371
2109
3108
674
1722
1716
4093
899
3783
3865
1594
1322
293
2351
2811
3634
797
1636
973
1880
1431
1062
647
1372
1894
207
3946
980
2324
321
177
1950
1813
502
279
604
1430
129
3251
1957
2187
2307
2252
436
2423
1799
2680
260
3606
3623
2578
9
3782
3879
2525
2148
2076
2192
3024
1032
3644
2598
2143
3499
169
1363
3895
1297
1307
2391
366
1399
1156
987
3676
3505
2866
2665
725
1027
3432
1694
1741
2362
3181
2513
2498
2266
2594
1471
3637
1737
350
2017
1284
2980
3141
3270
705
3979
3008
595
3368
2026
65
3506
481
4059
1600
2694
189
3269
3515
3010
3335
2388
2904
1621
2818
3785
420
3442
3604
1697
1482
3403
3423
3474
778
145
1996
1303
2181
2481
3238
2073
3149
3543
1025
3449
2494
2983
4015
2678
3413
1196
3143
2227
356
1931
2810
625
51
1433
2922
3617
4036
2674
3011
3153
1638
1484
2023
3715
2316
656
3837
1342
2295
670
1840
404
3824
979
3953
704
977
4071
2888
1683
1757
1807
3640
1165
2530
2300
2102
12
3820
2713
3350
2080
3799
1788
2778
292
2063
3898
1856
3893
2016
2203
629
2283
901
3115
3117
2007
515
3375
3459
658
2233
1873
3001
3565
1620
1687
2299
1704
3293
1680
1132
2802
2366
1794
3671
3758
1758
3594
848
2138
2105
2855
1570
1703
1613
2602
3431
3849
1496
3996
3256
1176
4058
3019
23
422
1628
733
841
1063
3301
2749
3696
3139
903
2436
2269
754
570
2730
511
1585
3720
3951
2695
3272
888
1752
766
258
514
441
974
385
2791
2354
1134
3077
875
3528
698
2191
3739
1483
2446
2472
1439
1221
2465
2356
2404
268
2150
2595
1288
2871
1147
1512
2564
1777
2090
1744
682
3944
791
1354
3534
142
3611
2636
1071
997
3795
1713
237
732
1743
2400
3263
100
2039
1458
3395
750
2485
2058
495
4003
1970
846
3716
445
3123
1206
3828
1262
3918
2050
2277
3779
3345
2969
2445
2673
2848
2717
708
2722
2702
1212
2946
343
992
1947
592
772
2287
2523
3766
3755
3288
2116
3903
655
3920
1823
1453
3713
3322
4094
3701
2756
780
2987
631
3036
2565
3503
1306
3360
2365
3197
582
303
3309
1049
1514
3193
470
2367
2122
153
24
3790
215
52
2631
3491
269
2747
2540
3052
3838
2164
2850
746
2918
3000
3434
1491
2100
2718
3731
287
3311
2767
3290
3718
3975
913
40
633
2898
377
995
99
637
2721
2478
250
2281
2170
2576
2166
1320
2857
3888
2626
2916
3581
2864
986
1038
2249
1623
665
1528
4066
2305
1178
934
608
953
3411
649
2514
3273
1400
443
27
25
2893
2432
2386
2588
1108
1022
2628
2084
2509
2872
3053
1934
1508
3035
3329
3924
3444
2202
3816
105
955
3314
1980
1174
1168
3976
3748
1577
942
254
2836
2796
104
2402
2045
4081
140
2376
1353
1759
1539
601
1535
3652
3054
1746
28
3574
3607
3582
3551
731
2212
2437
968
3777
3968
2333
2041
1149
2235
2087
744
3385
154
1233
3971
3959
569
1204
2819
2112
1711
534
263
951
3163
547
2211
226
1481
3887
2089
1898
2645
1160
2709
3484
3396
3917
2736
2998
4053
4092
3666
1982
1645
1424
402
664
1648
1566
3374
2742
707
1990
257
2467
1981
1237
2508
1511
3211
451
438
1592
4024
1172
2691
3633
3326
415
2892
1253
2241
553
1473
2042
1467
2265
866
3689
883
3641
1145
2837
1074
239
1835
1256
827
2228
3097
3726
3029
2499
845
20
1815
2661
2640
37
920
474
2302
3025
180
3554
57
2511
3733
2561
1236
2746
3400
2572
1434
2029
3176
3280
2306
3724
3846
2726
2785
1425
1650
1476
184
2168
1140
2557
2618
3040
2669
767
2970
1319
1721
552
3616
21
245
2074
3658
533
1584
3936
1726
2912
2124
496
2486
692
1771
2788
1904
4007
3586
2012
961
949
1876
1099
3891
2549
1644
1034
742
1124
3294
585
83
1235
1699
2604
266
2350
4083
1740
3338
3394
653
4075
2144
3417
873
3223
328
1524
1798
1059
1971
906
2822
4095
2911
1661
1489
2447
2289
3577
945
1344
1929
2188
397
2008
3402
1203
3622
2197
3943
3874
2529
66
3297
1915
1224
654
556
432
2641
3876
67
2046
1666
2727
1731
1809
714
1318
3485
1859
680
3814
1123
1374
421
1338
2163
1776
3844
2410
3763
2471
3745
1633
519
2502
2928
342
2971
45
2462
3772
2780
3871
1734
1941
1468
1862
3440
1619
1706
607
565
2270
3325
424
3635
857
3296
855
3332
3058
1760
3033
1837
1954
2534
1444
2869
43
978
2974
2536
1540
2408
1961
933
3906
1109
2403
1341
1185
3649
2384
426
2057
1560
4074
2952
2262
2612
4089
3106
1161
325
1989
2815
2949
1657
591
3872
2873
2763
1015
3284
1213
962
4045
721
3852
35
1184
3752
3651
3933
1282
2075
1533
1252
1978
331
2779
1029
1629
2887
1267
3451
1725
1646
4087
1446
1254
4067
3387
800
967
605
1530
1571
2190
1598
3771
3327
2279
527
2716
3013
2902
2141
1389
1795
2739
3601
2874
1603
2966
384
3688
3419
163
970
3573
1403
1285
2633
1817
340
1804
3762
1979
3612
3552
2328
2047
2000
3104
544
836
2110
606
3147
1436
1249
3907
407
2393
418
2981
507
3136
158
352
2649
3557
1137
1155
2006
3324
4029
1791
891
4070
478
425
1107
546
3866
3786
133
3860
3214
1290
1536
2459
2454
993
904
2194
1293
2123
213
1263
3393
2442
3069
3125
305
1727
3034
3480
127
181
1393
459
10
2070
236
1839
1918
1028
3834
3537
3638
1457
958
351
3425
730
3805
735
897
596
1305
736
1142
524
1486
3794
1401
673
3912
3632
4
3464
1113
1343
117
520
107
1748
2177
2327
2812
3260
4062
2390
1850
3134
3744
449
406
219
182
2829
1517
815
584
2581
681
3178
1912
3165
2574
2086
1714
3366
2470
678
134
619
2409
2216
2036
483
1825
2623
274
2625
3802
4038
3988
471
1076
191
919
1824
2068
1684
1264
3885
304
503
3023
1158
2297
310
2079
3012
1386
3295
41
1953
868
1387
884
1498
990
312
1335
3121
2847
2648
2652
3892
1940
3202
3628
1200
323
1016
715
2065
3829
694
2605
3697
948
2452
3369
3533
651
3691
2453
469
3410
2754
2859
2062
210
1634
1887
1210
1368
3562
1681
3560
4054
630
2993
1801
3935
2028
3760
3967
872
3579
472
860
173
3359
359
3022
3457
1379
143
2055
2707
1849
3182
3015
115
712
286
2342
2083
2752
4000
921
3998
2769
1820
3028
2766
1559
1521
3205
1756
1279
726
1589
2784
3999
55
1220
1065
1339
1742
3140
2340
914
773
1209
1966
1502
1901
430
1056
1814
3556
956
2840
783
3629
1008
1677
3535
2607
3978
155
3653
3229
2272
3657
1417
1291
485
3992
2794
3362
1376
3073
3472
172
3120
1696
1421
3453
2723
1899
1045
2121
3420
188
3939
1069
2385
391
839
3517
1300
2389
2720
2589
2480
2483
80
2152
542
3162
2125
2291
1075
1259
3850
1364
411
1987
2807
3183
3397
1689
523
388
3645
1231
2897
1159
203
1451
2091
1555
2945
2505
675
1474
3312
2858
3513
2653
3883
1180
2035
1243
1864
2750
3778
1860
1190
2456
3818
2579
821
2930
1923
2929
2681
113
4085
2997
3244
2038
346
2135
2120
3289
1427
1974
982
302
1922
1461
2535
2290
832
3415
931
1553
2147
3249
3199
3958
1785
230
3670
76
1958
2475
3170
3032
1808
3412
1351
807
3659
1064
2671
1093
1695
1892
3088
2876
2372
2363
2619
2043
136
3210
1670
2323
364
414
1007
4049
2764
1504
2919
1583
334
1058
1928
2693
3364
3624
2461
1269
3848
3679
2975
2501
3320
1096
971
3302
3242
3709
3827
935
1331
2768
2941
2020
1656
1861
3347
3099
2482
3113
1945
1091
1234
702
2418
273
964
1588
85
320
2814
2119
19
1443
972
2991
550
1574
3549
2708
2585
195
161
1943
275
686
748
439
2224
2882
2426
2759
3593
2165
2115
3066
3129
2239
1207
2210
3991
2360
3291
2560
4063
2487
2213
2208
3133
374
2926
3445
2247
817
3298
2387
3232
2176
927
3336
1688
3323
2264
3151
1905
1459
1968
2914
1556
3673
1907
1891
2593
2370
2394
3287
1144
1350
2438
2341
3539
3798
699
1821
3584
3642
2985
1274
462
3954
871
1202
1340
73
3439
879
3544
803
3495
3812
2687
431
3960
3363
1352
3719
695
3823
936
2248
697
2832
3511
1
3460
1712
2009
2729
1917
2288
1547
729
2374
2113
2676
162
2406
687
355
1448
4016
2846
2200
3191
3138
3186
2868
578
2624
2539
798
416
193
652
1323
3662
2748
1708
3575
